function cm = mm_colormap

cm = [0.368417, 0.506779, 0.709798; 0.880722, 0.611041, 0.142051; 0.560181, 0.691569, 0.194885; 0.922526, 0.385626, 0.209179];
